509	510	520
510	511	555
511	512	535
512	513	220
513	514	419
514	515	195
515	516	205
516	517	585
517	518	415
518	519	470
519	520	438
520	521	510
521	522	200
522	523	295
523	524	400
524	525	270
525	526	560
526	527	255
527	528	900
528	529	315
529	530	465
530	531	180
531	532	240
532	533	210
533	534	275
534	535	190
535	536	120
536	537	350
537	538	430
538	539	120
539	540	760
540	541	510
541	542	505
542	543	335
543	544	335
544	545	595
545	546	320
546	547	335
547	548	490
548	549	240
549	550	530
550	551	405
551	552	390
552	553	445
553	554	416
554	555	422
555	556	403
556	557	713
557	558	492
558	559	636
559	560	267
561	562	250
562	563	870
563	564	300
564	565	530
565	566	590
566	567	250
567	568	285
568	569	322
569	570	490
570	571	277
571	572	450
572	573	680
573	574	265
574	575	346
575	576	205
576	577	276
577	578	431
578	579	227
579	580	397
580	581	606
581	582	408
582	583	301
583	584	402
584	585	226
585	586	282
586	587	421
587	588	350
588	589	225
589	590	280
590	591	245
591	592	335
592	593	312
593	594	278
594	595	941
595	596	173
596	597	590
597	598	302
598	599	388
599	600	393
600	601	200
601	602	1300
602	603	340
604	605	1360
605	606	680
606	607	355
607	608	585
608	609	1500
609	610	445
610	611	370
611	612	335
612	613	595
613	614	200
614	615	320
615	616	330
616	617	350
617	618	310
618	619	270
619	620	435
620	621	170
621	622	260
622	623	275
623	624	300
624	625	165
625	626	290
626	627	200
627	628	250
628	629	160
629	630	255
630	631	306
631	632	145
632	633	267
633	634	230
634	635	323
635	636	400
636	637	525
638	639	436
639	640	412
640	641	391
641	642	215
642	643	271
643	644	228
644	645	307
645	646	253
646	647	158
647	648	207
648	649	326
649	650	153
650	651	175
651	652	286
652	653	287
653	654	816
654	655	219
655	656	520
656	657	153
657	658	336
658	659	277
659	660	168
660	661	262
661	662	433
662	663	201
663	664	740
664	665	298
665	666	328
666	667	217
667	668	360
668	669	395
669	670	388
670	671	308
671	672	333
672	673	1320
673	674	600
674	675	353
675	676	660
676	677	1820
678	679	440
679	680	205
680	681	610
681	682	115
682	683	390
683	684	300
684	685	265
685	686	163
686	687	217
687	688	202
688	689	440
689	690	75
690	691	190
691	692	403
692	693	156
693	694	180
694	695	224
695	696	156
696	697	117
697	698	360
698	699	115
699	700	292
700	701	120
701	702	155
703	704	144
704	705	154
705	706	241
706	707	431
707	708	85
708	709	33
709	710	264
710	711	200
711	712	309
712	713	254
713	714	200
714	715	157
715	716	90
716	717	108
717	718	217
718	719	312
719	720	181
720	721	97
721	722	146
722	723	245
723	724	260
724	725	340
725	726	263
726	727	650
727	728	244
728	729	238
729	730	182
730	731	230
732	733	540
733	734	575
734	735	530
735	736	425
736	737	305
737	738	600
738	739	375
739	740	405
740	741	300
741	742	395
742	743	430
743	744	235
744	745	160
745	746	435
746	747	280
747	748	330
748	749	295
749	750	142
750	751	300
751	752	288
752	753	370
753	754	325
754	755	340
755	756	160
756	757	375
757	758	380
758	759	1030
759	760	405
760	761	220
761	762	390
762	763	370
763	764	445
764	765	255
765	766	225
766	767	300
767	768	390
768	769	215
769	770	500
770	771	335
771	772	200
772	773	330
773	774	500
774	775	440
775	776	195
776	777	245
777	778	270
778	779	245
779	780	120
780	781	330
781	782	350
782	783	160
783	784	255
784	785	360
785	786	360
786	787	170
787	788	230
788	789	165
789	790	190
790	791	240
791	792	200
792	793	230
793	794	295
794	795	425
795	796	290
796	797	225
797	798	365
798	799	330
799	800	445
800	801	205
801	802	660
803	804	876
804	805	110
805	806	301
806	807	289
807	808	437
808	809	235
809	810	291
810	811	300
811	812	434
812	813	425
813	814	617
814	815	218
815	816	271
816	817	217
817	818	208
818	819	554
819	820	220
820	821	244
821	822	217
822	823	500
823	824	463
824	825	363
825	826	231
826	827	584
827	828	400
828	829	285
829	830	250
830	831	370
831	832	371
832	833	337
833	834	487
834	835	510
835	836	1060
836	837	387
837	838	367
838	839	130
839	840	378
840	841	222
841	842	328
842	843	362
843	844	295
844	845	226
845	846	236
846	847	347
847	848	317
848	849	414
849	850	390
850	851	741
851	852	424
852	853	302
853	854	133
854	855	343
855	856	177
856	857	403
857	858	181
858	859	329
859	860	144
860	861	134
861	862	178
862	863	187
863	864	238
864	865	173
865	866	348
866	867	318
867	868	120
869	870	430
870	871	160
871	872	270
872	873	150
873	874	445
874	875	125
875	876	180
876	877	190
877	878	260
878	879	260
879	880	140
880	881	290
881	882	180
882	883	220
883	884	260
884	885	200
885	886	135
886	887	235
887	888	160
888	889	265
889	890	245
890	891	245
891	892	210
892	893	315
893	894	480
894	895	460
895	896	220
896	897	250
897	898	400
898	899	295
899	900	195
900	901	505
901	902	325
902	903	220
903	904	180
904	905	245
905	906	120
906	907	200
907	908	390
908	909	190
909	910	210
910	911	215
911	912	375
912	913	415
913	914	270
914	915	255
915	916	415
916	917	390
917	918	235
918	919	515
919	920	200
920	921	275
921	922	280
922	923	610
924	925	161
925	926	245
926	927	713
927	928	396
928	929	692
929	930	270
930	931	315
931	932	218
932	933	267
933	934	190
934	935	450
935	936	345
936	937	405
937	938	268
938	939	386
939	940	218
940	941	312
941	942	180
942	943	151
943	944	111
944	945	219
945	946	137
946	947	128
947	948	375
948	949	320
949	950	444
950	951	117
951	952	411
952	953	228
953	954	181
954	955	234
955	956	231
956	957	139
957	958	244
958	959	294
959	960	215
960	961	191
961	962	151
962	963	320
963	964	270
964	965	173
965	966	174
966	967	240
967	968	225
968	969	214
969	970	280
970	971	174
971	972	123
972	973	293
973	974	300
974	975	168
975	976	144
976	977	250
977	978	324
979	980	630
980	981	100
981	982	300
982	983	290
983	984	430
984	985	235
985	986	290
986	987	302
987	988	435
988	989	430
989	990	620
990	991	220
991	992	275
992	993	215
993	994	210
994	995	550
995	996	220
996	997	120
997	998	350
998	999	500
999	1000	460
1000	1001	365
1001	1002	250
1002	1003	240
1003	1004	165
1004	1005	300
1005	1006	175
1006	1007	300
1007	1008	435
1008	1009	240
1009	1010	280
1010	1011	365
1011	1012	205
1012	1013	220
1013	1014	210
1014	1015	306
1015	1016	200
1016	1017	265
1017	1018	190
1018	1019	355
1019	1020	430
1020	1021	835
1022	1023	843
1023	1024	184
1024	1025	231
1025	1026	279
1026	1027	213
1027	1028	256
1028	1029	255
1029	1030	376
1030	1031	111
1031	1032	220
1032	1033	236
1033	1034	256
1034	1035	173
1035	1036	197
1036	1037	233
1037	1038	353
1038	1039	353
1039	1040	228
1040	1041	144
1041	1042	325
1042	1043	219
1043	1044	119
1044	1045	410
1045	1046	202
1046	1047	332
1047	1048	499
1048	1049	437
1049	1050	193
1050	1051	250
1051	1052	272
1052	1053	244
1053	1054	118
1054	1055	331
1055	1056	348
1056	1057	160
1057	1058	248
1058	1059	363
1059	1060	353
1060	1061	166
1061	1062	230
1062	1063	170
1063	1064	185
1064	1065	241
1065	1066	201
1066	1067	234
1067	1068	303
1068	1069	419
1069	1070	260
1070	1071	219
1071	1072	367
1072	1073	333
1073	1074	442
1074	1075	250
1075	1076	638
1077	1078	3615
1078	1079	1360
1079	1080	1460
1080	1081	1510
1081	1082	660
1082	1083	1690
1083	1084	1210
1084	1085	1090
1085	1086	160
1086	1087	350
1087	1088	205
1088	1089	440
1089	1090	280
1090	1091	405
1091	1092	200
1092	1093	320
1093	1094	900
1094	1095	250
1095	1096	240
1096	1097	265
1097	1098	470
1098	1099	270
1099	1100	540
1100	1101	315
1101	1102	390
1102	1103	870
1103	1104	370
1104	1105	350
1105	1106	335
1106	1107	350
1107	1108	200
1108	1109	400
1109	1110	260
1110	1111	210
1111	1112	180
1112	1113	305
1113	1114	390
1114	1115	200
1115	1116	270
1116	1117	185
1117	1118	330
1118	1119	225
1119	1120	240
1120	1121	980
1122	1123	401
1123	1124	301
1124	1125	365
1125	1126	272
1126	1127	179
1127	1128	349
1128	1129	395
1129	1130	333
1130	1131	246
1131	1132	397
1132	1133	369
1133	1134	255
1134	1135	284
1135	1136	213
1136	1137	353
1137	1138	272
1138	1139	265
1139	1140	173
1140	1141	640
1141	1142	245
1142	1143	323
1143	1144	325
1144	1145	299
1145	1146	315
1146	1147	379
1147	1148	307
1148	1149	215
1149	1150	110
1150	1151	879
1151	1152	175
1152	1153	274
1153	1154	196
1154	1155	112
1155	1156	250
1156	1157	353
1157	1158	137
1158	1159	328
1159	1160	500
1160	1161	133
1161	1162	1180
1162	1163	1220
1163	1164	1730
1164	1165	644
1165	1166	1510
1166	1167	1480
1167	1168	147
1168	1169	3500
1170	1171	330
1171	1172	85
1172	1173	140
1173	1174	140
1174	1175	145
1175	1176	195
1176	1177	280
1177	1178	160
1178	1179	140
1179	1180	255
1180	1181	110
1181	1182	210
1182	1183	175
1183	1184	645
1184	1185	452
1185	1186	845
1186	1187	210
1187	1188	440
1188	1189	140
1189	1190	540
1190	1191	230
1191	1192	231
1192	1193	174
1193	1194	243
1194	1195	107
1195	1196	290
1196	1197	261
1197	1198	113
1198	1199	157
1199	1200	144
1200	1201	1200
1201	1202	120
1202	1203	90
1203	1204	475
1204	1205	103
1205	1206	200
1206	1207	449
1207	1208	114
1208	1209	146
1209	1210	235
1210	1211	212
1211	1212	162
1212	1213	150
1213	1214	326
1214	1215	296
1215	1216	135
1217	1218	190
1218	1219	240
1219	1220	305
1220	1221	145
1221	1222	175
1222	1223	175
1223	1224	125
1224	1225	200
1225	1226	155
1226	1227	240
1227	1228	255
1228	1229	265
1229	1230	170
1230	1231	205
1231	1232	200
1232	1233	145
1233	1234	180
1234	1235	325
1235	1236	355
1236	1237	270
1237	1238	285
1238	1239	305
1239	1242	7220
1240	1241	
1241	1242	
1242	1243	
1243	1244	
1245	1246	8180
1246	1247	185
1247	1248	275
1248	1249	840
1249	1250	222
1250	1251	204
1251	1252	252
1252	1253	206
1253	1254	300
1254	1255	196
1255	1256	185
1256	1257	308
1257	1258	169
1258	1259	304
1259	1260	161
1260	1261	232
1261	1262	236
1262	1263	
1263	1264	
1264	1265	
1265	1266	
1267	1268	955
1268	1269	535
1269	1270	940
1270	1271	615
1271	1272	503
1272	1273	500
1273	1274	778
1274	1275	823
1275	1276	810
1276	1277	795
1277	1278	896
1268	1267	955
1269	1268	535
1270	1269	940
1271	1270	615
1272	1271	503
1273	1272	500
1274	1273	778
1275	1274	823
1276	1275	810
1277	1276	795
1278	1277	896
